[gd_scene load_steps=9 format=2]

[ext_resource path="res://spatial.gd" type="Script" id=1]
[ext_resource path="res://platform objects/blockLarge.tscn" type="PackedScene" id=2]
[ext_resource path="res://platform objects/ramp.tscn" type="PackedScene" id=3]
[ext_resource path="res://platform objects/Hexagon.tscn" type="PackedScene" id=4]
[ext_resource path="res://character.tscn" type="PackedScene" id=5]

[sub_resource type="PlaneMesh" id=1]
size = Vector2( 20, 20 )

[sub_resource type="SpatialMaterial" id=2]
albedo_color = Color( 0.0470588, 0.678431, 0.0862745, 1 )

[sub_resource type="ConvexPolygonShape" id=3]
points = PoolVector3Array( 10, 0, 10, -10, 0, 10, 10, 0, -10, -10, 0, -10 )

[node name="Spatial" type="Spatial"]
script = ExtResource( 1 )

[node name="ground" type="StaticBody" parent="."]

[node name="MeshInstance" type="MeshInstance" parent="ground"]
mesh = SubResource( 1 )
material/0 = SubResource( 2 )

[node name="CollisionShape" type="CollisionShape" parent="ground"]
shape = SubResource( 3 )

[node name="camerahub" type="Spatial" parent="."]
transform = Transform( 0.99227, 0, -0.124096, 0, 1, 0, 0.124096, 0, 0.99227, 0, 0, 0 )

[node name="Camera" type="Camera" parent="camerahub"]
transform = Transform( 0.58075, 0.488961, -0.650882, -0.00654645, 0.802307, 0.596876, 0.814056, -0.342374, 0.469141, -1.6743, 3.64325, 6.52704 )

[node name="DirectionalLight" type="DirectionalLight" parent="."]
transform = Transform( 0.969558, 0.223002, 0.101135, -0.244864, 0.882994, 0.400454, 0, -0.413028, 0.910718, 0, 6.93001, 0 )
shadow_enabled = true

[node name="blockLarge" parent="." instance=ExtResource( 2 )]
transform = Transform( 1, 0, 0, 0, 1, 0, 0, 0, 1, -0.138177, 0, 0 )

[node name="blockLarge2" parent="." instance=ExtResource( 2 )]
transform = Transform( 1, 0, 0, 0, 1, 0, 0, 0, 1, 4.36182, 0, 3.5 )

[node name="blockLarge3" parent="." instance=ExtResource( 2 )]
transform = Transform( 1, 0, 0, 0, 1, 0, 0, 0, 1, 4.36182, 0, 8 )

[node name="ramp" parent="." instance=ExtResource( 3 )]
transform = Transform( -1, 0, 1.3411e-007, 0, 1, 0, -1.3411e-007, 0, -1, 1, 0, 1.19209e-007 )

[node name="ramp2" parent="." instance=ExtResource( 3 )]
transform = Transform( 0.996195, 0, -0.0871558, 0, 1, 0, 0.0871558, 0, 0.996195, 5.26853, 1, 4.5 )

[node name="Hexagon" parent="." instance=ExtResource( 4 )]
transform = Transform( 1, 0, 0, 0, 1, 0, 0, 0, 1, 2.5, 0, 0 )

[node name="Hexagon2" parent="." instance=ExtResource( 4 )]
transform = Transform( 1, 0, 0, 0, 1, 0, 0, 0, 1, 2.5, 0, 2 )

[node name="character" parent="." instance=ExtResource( 5 )]
transform = Transform( -0.965926, 0, 0.258819, 0, 1, 0, -0.258819, 0, -0.965926, 0, 0.5, 4 )
